100
1197612720
87621193
921482764
1187651676
858976255
678703229
1262451343
171633981
1456904252
1632373632
1992310177
1912868297
957469760
1203852761
832031669
451796818
1714439135
620468042
630697662
72932991
515352584
611827903
373665470
1941216985
1510695659
1893388527
499770339
1555459068
991816737
1944014282
349906160
330253241
396872077
240238180
1433525433
248459953
926726626
1876816674
669366989
524719361
171635075
1118627522
282940912
382846602
54865926
1940778884
774039543
1002886639
955457708
727358058
61438947
1041683685
551194486
1973300984
650642235
74365309
1412092002
1820526352
1596784316
151532880
1285969995
1900463621
46821121
1260299634
193507871
424133079
987397284
419459691
1987990364
417802232
1524910234
1228265749
319137275
1812442305
1783046028
1656236854
136460839
507908337
1910964402
1501245890
218469379
90961755
1642033047
1769904265
1191237802
1672721493
9905657
141850789
898311350
242627478
506830789
66872314
850404346
1003944616
163813426
952347469
239672903
719231
1199895163
978027905
